1 star 80 60 150 150 23 7
2 star 210 96 250 150 12 3
3 star 300 85 350 150 43 6
4 star 400 120 450 150 21 4
5 star 500 110 550 150 33 9
6 star 600 77 650 150 14 3
7 star 700 91 750 150 32 8
8 star 100 205 150 250 27 4
9 star 200 191 250 250 45 7
10 star 300 205 350 250 17 3
11 star 400 186 450 250 34 5
12 star 500 170 560 250 26 6
13 star 600 223 660 250 17 11
14 star 700 211 760 250 22 4
15 star 100 304 160 350 15 7
16 star 200 287 250 350 43 3
17 star 300 313 350 350 28 8
18 star 400 324 450 350 20 5
19 star 500 293 560 330 11 9
20 star 600 274 660 354 27 6
21 star 700 267 760 370 43 4
22 star 100 417 160 470 8 10
23 star 200 356 250 462 26 7
24 star 300 378 350 451 19 3
25 star 400 431 420 460 21 4
26 star 500 412 560 467 21 5
27 star 600 385 660 450 28 11
28 star 700 396 760 450 23 6
29 star 100 477 160 550 29 8
30 star 200 489 250 550 16 3
31 star 300 511 350 550 27 9
32 star 400 478 450 550 16 6
33 star 500 499 560 550 23 4
34 star 600 523 660 550 35 12
35 star 700 501 760 550 26 7
36 ellipse 220 271 121 76
37 donut 410 431 137 78
38 triangle 541 239 349 207 528 73
39 circle 432 331 60
40 rectangle 540 431 84 42
41 square 24 357 57

